# Name | OuterRing | HoleRing1 | HoleRing2 | ...
# 每个 Ring 格式为: lon1,lat1;lon2,lat2;...;lonN,latN（不含闭合重复点）
北京大学图书馆|116.3030687,39.9909693;116.3030748,39.9908609;116.3033938,39.9908715;116.3034066,39.9906442;116.3030876,39.9906336;116.3030997,39.990419;116.3034187,39.9904295;116.3034323,39.9901878;116.3031133,39.9901772;116.3031201,39.990056;116.3034684,39.9900675;116.303531,39.9900696;116.3042168,39.9900923;116.3042143,39.9901379;116.304344,39.9901422;116.3043827,39.9901435;116.3043898,39.990018;116.3044474,39.9900199;116.3044499,39.9899748;116.3047143,39.9899836;116.3047031,39.9901827;116.3044387,39.9901739;116.3044141,39.9906112;116.3043967,39.9909199;116.3046542,39.9909284;116.3046431,39.9911256;116.3043856,39.9911171;116.3043877,39.9910803;116.3043301,39.9910784;116.3043363,39.9909673;116.3041679,39.9909617;116.3041654,39.9910055;116.3034445,39.9909817|116.3040146,39.99051;116.3040261,39.9903063;116.3039485,39.9903037;116.303937,39.9905074|116.3039284,39.990586;116.3039164,39.9907982;116.3039941,39.9908007;116.304006,39.9905886|116.3034864,39.9908515;116.3037562,39.9908604;116.303768,39.9906514;116.3037055,39.9906494;116.3037074,39.9906158;116.3035,39.990609
理科五号楼|116.3083524,39.9881646;116.3083563,39.9881029;116.3088619,39.9881218;116.3088574,39.9881921;116.3089261,39.9881947;116.3089021,39.9885692;116.3088257,39.9885663;116.3088212,39.9886354;116.3083072,39.9886161;116.3083119,39.9885434;116.3082326,39.9885404;116.3082568,39.9881611|116.3083914,39.988461;116.3087432,39.9884776;116.308759,39.988282;116.3084072,39.9882654
综合科研1号楼（逸夫楼）|116.3012393,39.9891285;116.3010554,39.9891221;116.3006858,39.9891093;116.30069,39.9890423;116.3005572,39.9890374;116.3005711,39.9888026;116.3005821,39.9886148;116.3012682,39.9886385|116.3007002,39.9890107;116.301063,39.9890211;116.301073,39.9888192;116.3007101,39.9888087
58号楼|116.3035537,39.9878705;116.3035526,39.9879176;116.3034719,39.9879164;116.3034713,39.987943;116.303531,39.9879438;116.3035298,39.987996;116.3032904,39.9879927;116.3032914,39.9879484;116.3033589,39.9879493;116.3033599,39.9879089;116.3032558,39.9879074;116.3032569,39.9878609;116.3031879,39.9878599;116.3031896,39.9877922;116.3032526,39.9877931;116.3032536,39.9877507;116.3035583,39.9877551;116.3035576,39.9877826;116.3036229,39.9877836;116.3036208,39.9878715|116.3033026,39.9878658;116.3033945,39.987866;116.3035291,39.9878663;116.3035293,39.987811;116.3033029,39.9878105
微纳电子大厦|116.3082485,39.9935927;116.3077652,39.9935428;116.3078879,39.9928461;116.3083712,39.9928961|116.3078804,39.9934069;116.3081765,39.9934321;116.3081953,39.9933115;116.3079039,39.993288|116.3079485,39.9931422;116.3082212,39.9931656;116.3082447,39.9930485;116.3079673,39.9930197
环境科学与工程学院（刘水楼）|116.308381,39.9936284;116.3083928,39.9935329;116.3086936,39.9935545;116.3087077,39.9934249;116.3084186,39.9934051;116.3084492,39.993072;116.3086207,39.993081;116.308619,39.9930966;116.3087641,39.9931044;116.3087735,39.9929711;116.3084915,39.9929549;116.3084985,39.9928667;116.3088558,39.9928847;116.3088887,39.9928991;116.3088816,39.9932034;116.3088511,39.9932034;116.3088323,39.9933817;116.3088581,39.9933835;116.3088299,39.9936896|116.3085972,39.9933421;116.3087453,39.9933493;116.3087571,39.9931872;116.3086066,39.9931782
理科三号楼（曙东楼）|116.3089396,39.9901571;116.3089783,39.9901585;116.3089713,39.9902781;116.308794,39.9902721;116.3087929,39.9902909;116.3087749,39.990603;116.3087404,39.9906018;116.3086684,39.9905994;116.3086643,39.9906706;116.308192,39.9906546;116.3081978,39.990553;116.3080522,39.9905481;116.3080731,39.9902132;116.3080787,39.9901173;116.3081684,39.9901203;116.308172,39.990057;116.308692,39.9900746;116.3089442,39.990084|116.3082214,39.9904544;116.3085364,39.9904691;116.3085554,39.9902303;116.3082404,39.9902156
21楼|116.3046777,39.9862643;116.3052763,39.98629;116.3052683,39.9863926;116.3048699,39.9863792;116.3046695,39.9863724
19楼|116.3046515,39.9868157;116.3048459,39.986824;116.3052501,39.9868414;116.3052421,39.986944;116.3046433,39.9869238
22楼|116.3047293,39.9858585;116.3050186,39.9858709;116.3053279,39.9858841;116.3053199,39.9859868;116.3047212,39.9859666
24楼|116.3047612,39.985346;116.3053598,39.9853716;116.3053518,39.9854743;116.3050499,39.9854641;116.304753,39.9854541
20楼|116.3045842,39.986409;116.3047546,39.9864156;116.3047368,39.9866065;116.3047218,39.9867678;116.3045513,39.9867611
23楼|116.30463,39.9854696;116.3048004,39.9854763;116.3047804,39.9856913;116.3047676,39.9858284;116.3045971,39.9858218
理科一号楼|116.3067698,39.9890498;116.3067789,39.9889236;116.3069349,39.9889302;116.3069366,39.9889074;116.3074488,39.9889291;116.3074433,39.9890047;116.3074912,39.9890067;116.3074676,39.9893341;116.3074643,39.9893794;116.3075191,39.9893817;116.3075036,39.9895968;116.3077534,39.9896074;116.3077338,39.9898784;116.3075589,39.989871;116.3074853,39.9899303;116.3069849,39.9899105;116.3069829,39.9899405;116.3067328,39.9899306;116.3067359,39.9898858;116.3066954,39.9898842;116.3066989,39.9898315;116.3067146,39.9898322;116.3067229,39.9897127;116.3067393,39.9897134;116.3067457,39.9896224;116.3067292,39.9896217;116.306732,39.9895823;116.3067362,39.9895231;116.3067527,39.9895238;116.3067587,39.9894405;116.3067417,39.9894398;116.3067512,39.9893083;116.3067923,39.9893101;116.3067963,39.989254;116.3067552,39.9892522;116.3067652,39.9891134;116.3068063,39.9891152;116.306811,39.9890515|116.3068868,39.9897084;116.3072741,39.9897227;116.3072894,39.9894789;116.3069021,39.9894646|116.3069839,39.989297;116.3073273,39.9893086;116.3073401,39.9890871;116.3069967,39.9890755
生命科学学院大楼|116.3081843,39.9908798;116.3082306,39.9908801;116.3082302,39.9908633;116.30878,39.990878;116.3087532,39.9912397;116.3089302,39.9912438;116.3089247,39.9913769;116.308876,39.991377;116.3088735,39.9914076;116.3082369,39.9913858;116.3082388,39.9913452;116.3081543,39.9913437;116.3081668,39.9909196;116.3081841,39.9909195|116.3082821,39.9911362;116.3085771,39.9911484;116.3085909,39.9909528;116.3082958,39.9909407
北京大学校医院|116.3080545,39.995204;116.3081338,39.9952048;116.3081334,39.9951839;116.3083415,39.9951909;116.3083405,39.9952057;116.3084031,39.9952093;116.3084456,39.9952139;116.3084889,39.9952236;116.3085274,39.9952344;116.3085571,39.9952445;116.3085834,39.9952622;116.3086071,39.9952524;116.3086271,39.995272;116.3086397,39.9952875;116.3086513,39.9953076;116.30866,39.9953268;116.308664,39.9957152;116.3082452,39.9957003;116.3082446,39.9956936;116.3082307,39.9956934;116.3082299,39.9956757;116.3081674,39.9956773;116.3081534,39.9956728;116.308139,39.9956634;116.3081271,39.9956536;116.3081212,39.9956429;116.3081176,39.9956338;116.3081167,39.9956182;116.30807,39.9956178;116.3080734,39.995531;116.3081062,39.9955311;116.3081242,39.9952825;116.3080484,39.9952802;116.3078729,39.9952754;116.3078738,39.9953486;116.3078474,39.9953477;116.3078359,39.9955206;116.3078967,39.9955206;116.3078957,39.9955478;116.3079246,39.9955473;116.3079245,39.9956005;116.3079409,39.9956008;116.3079407,39.9956322;116.3078402,39.9956306;116.307841,39.9956674;116.3077458,39.9956638;116.3077448,39.9956892;116.3076392,39.9956867;116.3076393,39.9956557;116.3072778,39.9956369;116.3072908,39.9954928;116.3073534,39.995492;116.3073664,39.9953272;116.3073678,39.9952889;116.3073817,39.9952562;116.3074071,39.9952291;116.3074338,39.9952076;116.3074605,39.9951926;116.3074986,39.995181;116.3075002,39.9951505;116.3076049,39.9951476;116.3076036,39.9951676;116.307683,39.9951683;116.3076846,39.9951547;116.3078978,39.9951652;116.3078978,39.9952|116.3082097,39.9954629;116.3082983,39.9954681;116.3083115,39.9953337;116.308223,39.9953286|116.3075674,39.9954948;116.3077122,39.995504;116.3077313,39.9953283;116.3075865,39.995319
光华管理学院1号楼|116.3053613,39.9896746;116.3053691,39.9895493;116.3055087,39.9895544;116.30551,39.9895337;116.3056359,39.9895383;116.3056523,39.9892749;116.3053605,39.9892643;116.3053709,39.9890984;116.3054132,39.9890999;116.3054157,39.9890586;116.3062573,39.9890893;116.3062188,39.9897081;116.3061729,39.9897065;116.3061713,39.989732;116.3060109,39.9897261;116.3060125,39.9897;116.3059938,39.9896994;116.3059922,39.9897253;116.3057466,39.9897162;116.3057482,39.9896895;116.3057253,39.9896887;116.3057237,39.9897152;116.3054947,39.9897068;116.3054964,39.9896795|116.3056927,39.9895424;116.3060341,39.9895547;116.3060491,39.9893095;116.3060749,39.9893104;116.3060761,39.9892914;116.3057087,39.9892783
吕志和楼|116.3066042,39.9915012;116.3066187,39.9912974;116.3066394,39.9912982;116.3066532,39.9911048;116.3066546,39.9910859;116.3066384,39.9910853;116.3066536,39.9908733;116.3074183,39.9909055;116.3074037,39.991109;116.3073879,39.9911084;116.3073723,39.9913255;116.3073962,39.9913265;116.3073815,39.9915337|116.3068404,39.9912603;116.3069852,39.9912661;116.3069996,39.9912464;116.3070576,39.991269;116.3071301,39.9912719;116.3071391,39.9911386;116.3069894,39.9911327;116.3069734,39.9911546;116.3069138,39.9911297;116.3068494,39.9911271
顾颉刚故居|116.3081425,39.9944464;116.3083307,39.9940014;116.3086103,39.9940708;116.3084219,39.9945158|116.3083298,39.9941928;116.3084622,39.9942258;116.3085002,39.9941365;116.3083678,39.9941034|116.3082482,39.9943855;116.3083791,39.9944184;116.308418,39.9943274;116.3082871,39.9942945
全斋|116.3031364,39.994962;116.3031729,39.9946936;116.3040916,39.9947671;116.3040551,39.9950353|116.3032656,39.9948761;116.3035708,39.9948986;116.3035813,39.9948153;116.303276,39.9947928|116.3036338,39.9949049;116.3039473,39.9949261;116.303957,39.9948421;116.3036435,39.9948208
教育基金会|116.3041285,39.9953271;116.3045781,39.9953762;116.3044775,39.9959169;116.304028,39.9958678|116.3042253,39.9954176;116.3041984,39.9955546;116.3044283,39.9955811;116.3044552,39.9954441|116.3041625,39.9956958;116.3041475,39.9957814;116.3043794,39.9958054;116.3043944,39.9957198
理科二号楼（逸夫苑）|116.3081903,39.9897444;116.3082186,39.9893066;116.3082904,39.9893093;116.3082954,39.9892309;116.3082968,39.9892098;116.3085293,39.9892186;116.3086275,39.9892224;116.3088331,39.9892301;116.3088325,39.9892398;116.3088293,39.9892891;116.3089181,39.9892924;116.3088862,39.9897891;116.3088099,39.9897862;116.3088067,39.9898345;116.3087067,39.9898307;116.3083255,39.9898163;116.3083298,39.9897497|116.3083331,39.9896603;116.3087128,39.9896765;116.3087306,39.9894321;116.3083509,39.9894159
邱德拔体育馆|116.3086847,39.9869223;116.3095004,39.9869517;116.309449,39.9877888;116.3090181,39.9877733;116.3086333,39.9877594;116.3086624,39.987286
遥感楼|116.3061858,39.9919369;116.3061943,39.9918015;116.3069743,39.9918339;116.3069686,39.9919635;116.3065605,39.9919507;116.3065563,39.9920206;116.3063574,39.9920136;116.3063616,39.9919434
政府管理学院（廖凯原楼）|116.30814,39.9950512;116.3083362,39.9945969;116.3084616,39.9946005;116.3084644,39.9945649;116.308441,39.994564;116.3086736,39.9940206;116.3082239,39.9938991;116.3083271,39.9938313;116.3088316,39.9939143;116.3087374,39.9950809
百周年纪念讲堂|116.3040621,39.9882529;116.304261,39.9882609;116.3042643,39.9882138;116.3044171,39.9882186;116.3044104,39.9883428;116.3046379,39.9885543;116.3047745,39.9886813;116.3049603,39.9886873;116.3049845,39.9886881;116.30497,39.9889162;116.3049573,39.9891165;116.3040054,39.989078;116.3040535,39.9883787
艺园餐厅|116.300605,39.9873148;116.3006066,39.9872043;116.3007306,39.9872053;116.3007356,39.9868518;116.3009944,39.9868539;116.3009914,39.9870623;116.3009895,39.9871978;116.3007436,39.9871958;116.3007419,39.987316
第一教学楼|116.3039768,39.9916165;116.3039912,39.9914438;116.304341,39.9914609;116.3046992,39.9914784;116.3046936,39.9915619;116.3046849,39.991651
第二体育馆|116.3018112,39.9895903;116.3018147,39.989358;116.3024039,39.9893633;116.3024004,39.9895955
北大西门|116.2985431,39.9933604;116.2985442,39.9933062;116.2985462,39.9932022;116.2985966,39.9932028;116.2986574,39.9932035;116.2986555,39.9933058;116.2986544,39.9933616;116.2985937,39.9933609
化学北楼|116.2994868,39.992995;116.2994857,39.9927804;116.3001855,39.9927782;116.3001867,39.9929928
化学南楼|116.2995007,39.9924137;116.2995073,39.9922172;116.3001898,39.9922306;116.3001831,39.9924272
校史馆|116.2999787,39.9921786;116.2999835,39.991794;116.3001731,39.9917954;116.3001682,39.99218
档案馆|116.3002973,39.9927555;116.3002987,39.9924372;116.3005221,39.9924378;116.3005208,39.9927561
38、39楼|116.3017017,39.9852992;116.3024709,39.9853242;116.3024623,39.9854797;116.302282,39.9854738;116.3022812,39.9854882;116.3023541,39.9854906;116.3023387,39.9857685;116.3022675,39.9857661;116.3022669,39.9857762;116.3024549,39.9857823;116.3024458,39.9859488;116.3017768,39.9859271;116.3017858,39.985765;116.3021206,39.9857758;116.3021374,39.9854713;116.301693,39.9854569
40、41、42楼|116.3016618,39.9857621;116.3016534,39.9859246;116.3011337,39.9859089;116.3011409,39.9857687;116.3011255,39.9857682;116.3011415,39.985456;116.3011956,39.9854576;116.3011961,39.9854464;116.3007339,39.9854327;116.3007332,39.9854463;116.3007788,39.9854476;116.3007646,39.9857354;116.3010291,39.9857431;116.3010213,39.9859014;116.3006314,39.9858901;116.3006383,39.9857495;116.300552,39.985747;116.3005672,39.9854398;116.3006824,39.9854432;116.300683,39.9854307;116.3005871,39.9854279;116.3005949,39.9852692;116.3015276,39.9852963;116.3015199,39.9854524;116.3013085,39.9854463;116.3013075,39.9854652;116.3013562,39.9854667;116.3013416,39.9857524
36、37楼|116.3034002,39.9858024;116.3033923,39.9859649;116.302608,39.9859426;116.3026123,39.9858553;116.3025947,39.9858548;116.3025988,39.9857704;116.3025833,39.98577;116.3025966,39.9854969;116.3026131,39.9854973;116.3026179,39.9853986;116.3026371,39.9853991;116.302641,39.9853181;116.3034315,39.9853405;116.3034239,39.9854987;116.3027914,39.9854808;116.3027907,39.9854948;116.302814,39.9854954;116.3027999,39.9857853
34A、34B楼|116.3035543,39.9859651;116.3035606,39.9858238;116.3040686,39.9858373;116.304067,39.9858732;116.3041426,39.9858752;116.3041436,39.9858534;116.3041097,39.9858525;116.3041113,39.9858176;116.3040625,39.9858163;116.3040728,39.9855859;116.3041487,39.9855879;116.3041501,39.9855568;116.3035732,39.9855415;116.3035803,39.985385;116.3042691,39.9854032;116.3042429,39.9859833
35楼|116.3024847,39.9865436;116.3025003,39.9861981;116.3029171,39.9862088;116.3033509,39.9862205;116.3033353,39.9865677;116.3031162,39.9865619;116.3031239,39.9863913;116.3027147,39.9863804;116.3027071,39.9865495
32楼|116.3034793,39.9865705;116.3034974,39.9862201;116.3038806,39.9862318;116.3042637,39.9862435;116.3042454,39.9865961;116.3040253,39.9865894;116.3040345,39.9864126;116.3037068,39.9864027;116.3036978,39.9865771
44楼|116.3005198,39.9865467;116.3010588,39.986562;116.3010454,39.9868398;116.3008229,39.9868334;116.300828,39.986728;116.3005115,39.986719
王克桢楼|116.3086252,39.9860273;116.3086463,39.9856661;116.3090884,39.9856813;116.3090757,39.9858981;116.3091799,39.9859016;116.3094355,39.9864054;116.3087846,39.986383;116.3088051,39.9860335
第四教学楼|116.3081747,39.9879038;116.308158,39.9881948;116.3079552,39.9881879;116.3079718,39.9878969;116.3080891,39.9879009
第三教学楼（刘卿楼）|116.3074735,39.9876419;116.30751,39.9876436;116.3080713,39.9876699;116.3081075,39.9876716;116.3080891,39.9879009;116.3079718,39.9878969;116.3074549,39.9878758
第二教学楼（李兆基楼）|116.3072537,39.9877754;116.3072291,39.9881701;116.3072178,39.9883517;116.3080386,39.9883817;116.3080238,39.9886198;116.307836,39.9886129;116.3072732,39.9885922;116.3071634,39.9885883;116.3068005,39.988575;116.3068267,39.9881546;116.3068513,39.9877606
博雅塔|116.3057627,39.9925905;116.3058144,39.9925915;116.3058529,39.9926256;116.3058518,39.9926621;116.3058136,39.9926955;116.3057532,39.992693;116.3057166,39.9926626;116.3057189,39.9926198
法学院（陈明楼）|116.3076342,39.9944011;116.3077586,39.993893;116.3078305,39.9939142;116.3080125,39.9939214;116.3078882,39.9944376
光华管理学院|116.3069068,39.9948014;116.3069368,39.9946685;116.3069201,39.9946338;116.3069169,39.9946011;116.3069239,39.9945709;116.3069399,39.9945432;116.3069621,39.9945207;116.3070014,39.9944973;116.3070629,39.9942953;116.3070287,39.9942894;116.3070699,39.9941531;116.3071053,39.9941577;116.3071127,39.9941337;116.307078,39.9941264;116.3071185,39.9939929;116.3071537,39.9940007;116.3071612,39.9939762;116.3071251,39.9939712;116.307166,39.9938363;116.3072025,39.9938424;116.3072255,39.9937679;116.3071894,39.9937591;116.3072171,39.9936676;116.3072543,39.9936742;116.307257,39.9936656;116.3074678,39.9937038;116.3074213,39.9938544;116.3074733,39.9938637;116.3073306,39.9943269;116.3072141,39.994307;116.3072097,39.9943203;116.3073694,39.9943475;116.3073358,39.9944626;116.3072913,39.9944543;116.3072823,39.9944836;116.3072644,39.9944794;116.3072371,39.9945645;116.3072469,39.9946006;116.3072428,39.994637;116.3072269,39.9946688;116.3071997,39.9946968;116.3071936,39.9947166;116.3072631,39.994727;116.3072508,39.9947733;116.3072375,39.9947722;116.3072158,39.9948471;116.3071728,39.9948393;116.3071698,39.9948489
光华管理学院2号楼|116.3075249,39.9949302;116.3075288,39.9949169;116.3074902,39.9949103;116.3075289,39.9947785;116.3075693,39.9947855;116.3076422,39.9945372;116.3077311,39.9945525;116.3077464,39.9945004;116.3078396,39.9945165;116.307825,39.9945659;116.3078591,39.9945718;116.307784,39.9948271;116.3079761,39.9948603;116.307933,39.9950118;116.3075932,39.994997;116.307609,39.9949448
法学院（凯原楼）|116.3072839,39.9934766;116.3073088,39.9928881;116.3077406,39.9928989;116.3076315,39.9935094
外文楼|116.2995108,39.993647;116.3001598,39.9936566;116.3001552,39.9938395;116.2995063,39.9938297
办公楼（贝公楼）|116.3002969,39.993639;116.3003001,39.9934841;116.3002466,39.9934834;116.3002537,39.9931457;116.3003072,39.9931464;116.3003101,39.9930047;116.3005344,39.9930074;116.3005314,39.9931491;116.3005896,39.9931498;116.3005826,39.9934873;116.3005256,39.9934866;116.3005223,39.9936418
赛克勒考古与艺术博物馆|116.2995046,39.9946736;116.2995127,39.994392;116.2994603,39.9943911;116.2994666,39.9941708;116.3001617,39.9941825;116.3001561,39.9943749;116.3000958,39.9943739;116.3000869,39.9946835
民主楼|116.3002949,39.9938715;116.300503,39.9938734;116.3004978,39.9942175;116.3002897,39.9942156
德斋|116.3008367,39.9943341;116.3008419,39.9938546;116.3010506,39.9938559;116.3010466,39.994232;116.3010455,39.9943354
才斋|116.3015236,39.9938638;116.3017171,39.9938667;116.3017047,39.9943464;116.3015086,39.9943434;116.3015101,39.9942356
审计室|116.3010466,39.994232;116.3015101,39.9942356;116.3015086,39.9943434;116.301508,39.9943872;116.3010464,39.9943835;116.3010455,39.9943354
均斋|116.3021011,39.9943698;116.3021097,39.9939126;116.3023422,39.9939151;116.3023379,39.9942618;116.302337,39.9943724
备斋|116.3027845,39.9943826;116.3027855,39.994264;116.3027901,39.9939165;116.303013,39.9939177;116.303009,39.9943837
人事部|116.3023379,39.9942618;116.3027855,39.994264;116.3027845,39.9943826;116.3027843,39.9944093;116.3023367,39.9944071;116.302337,39.9943724
第一体育馆|116.3054779,39.9936927;116.3056356,39.9937266;116.3054289,39.9942916;116.305271,39.9942577
勺园4号楼|116.299576,39.9898965;116.299606,39.9898972;116.2996029,39.9899681;116.2995748,39.9899673;116.2995741,39.9899842;116.2990044,39.9899698;116.2990113,39.9898093;116.2991536,39.9898129;116.2991512,39.9898678;116.2995768,39.9898786
勺园5号楼|116.2990428,39.9907757;116.2995374,39.9907968;116.2995271,39.9909378;116.2990326,39.9909167
北京大学国际关系学院|116.3004768,39.990942;116.3004819,39.990771;116.3004444,39.9907704;116.3004556,39.9903954;116.3004963,39.9903961;116.3004994,39.9902942;116.3004797,39.9902938;116.3004881,39.9900097;116.3005092,39.9900101;116.3005113,39.9899365;116.3005527,39.9899372;116.3005534,39.9899124;116.3009919,39.9899199;116.3009803,39.9903207;116.3009455,39.9903201;116.3009449,39.9903401;116.3005591,39.9903334;116.3005572,39.9904004;116.3006169,39.9904014;116.3006059,39.9907737;116.3005283,39.9907724;116.3005271,39.9908125;116.3005376,39.9908127;116.3009404,39.9908198;116.3009355,39.990985;116.3005329,39.9909779;116.300534,39.990943
勺园6号楼|116.2994048,39.9896876;116.2994164,39.9895132;116.300015,39.9895365;116.3000161,39.989521;116.3002815,39.9895313;116.300271,39.9896902;116.3000285,39.9896808;116.3000265,39.9897117;116.2995155,39.9896919
勺园7号楼|116.2999781,39.9894819;116.2999818,39.9893874;116.2998914,39.9893854;116.2998993,39.9892593;116.2999819,39.9892617;116.2999831,39.9892306;116.2998048,39.9892266;116.2998143,39.9889794;116.2998,39.9889791;116.2998029,39.9888995;116.2998275,39.9889;116.2998341,39.9887126;116.3002094,39.9887204;116.3002,39.9889904;116.3002683,39.9890562;116.3002636,39.9891314;116.3002109,39.9891719;116.3001973,39.9894443;116.3001427,39.9894856
勺园8号楼|116.2993076,39.9893793;116.2993059,39.9894069;116.299188,39.9894025;116.299167,39.9893779;116.2991206,39.9893761;116.2991251,39.9893044;116.2991905,39.9893068;116.299195,39.9892356;116.2993112,39.9892399;116.2993124,39.9892201;116.2997184,39.9892351;116.2997173,39.9892526;116.2998993,39.9892593;116.2998914,39.9893854;116.2998894,39.9894168;116.2996452,39.9894077;116.2996462,39.9893917
勺园9号楼|116.29919,39.9889642;116.2991922,39.9889105;116.2991743,39.9889101;116.2991786,39.9888057;116.2991941,39.9888061;116.2992004,39.9886547;116.2993192,39.9886576;116.2993133,39.9887993;116.2992567,39.9887979;116.2992553,39.9888317;116.2997321,39.9888433;116.2997265,39.9889772
学五食堂|116.3010603,39.9877908;116.300572,39.9877811;116.3005819,39.9874906;116.3010702,39.9875004
31楼|116.3024027,39.987408;116.3024104,39.9872457;116.3023911,39.9872451;116.3024088,39.9868755;116.3024265,39.986876;116.3024342,39.986713;116.3028072,39.9867234;116.3027992,39.986892;116.3026472,39.9868878;116.3026384,39.987072;116.3026303,39.9872424;116.3027852,39.9872468;116.3027771,39.9874185
29楼|116.3029086,39.9874248;116.3029171,39.9872496;116.303241,39.9872589;116.3036841,39.9872716;116.3036755,39.9874469
30楼|116.3029342,39.9868962;116.3029437,39.98672;116.3037136,39.9867446;116.3037041,39.9869207;116.3032785,39.9869072
28楼|116.3038352,39.9874534;116.3038427,39.98728;116.3040074,39.9872842;116.3040228,39.9869302;116.3038589,39.986926;116.303866,39.9867633;116.3042329,39.9867726;116.3042256,39.9869413;116.3042387,39.9869416;116.3042328,39.9870771;116.3042232,39.9872952;116.3042105,39.9872949;116.3042032,39.9874628
农园餐厅|116.3058566,39.9879558;116.3058929,39.98733;116.3060868,39.9873366;116.3061028,39.9870611;116.3064651,39.9870734;116.3064129,39.9879747
教育学院|116.3054293,39.9879776;116.3054733,39.9873451;116.3057543,39.9873566;116.3057104,39.9879891
对外汉语教育学院及信息管理系（方李邦琴楼）|116.3055527,39.9864891;116.305563,39.9863493;116.3058521,39.9863619;116.3058475,39.9864233;116.30588,39.9864247;116.3058428,39.9869271;116.3058012,39.9869253;116.3057954,39.987003;116.3055122,39.9869906;116.3055227,39.9868489;116.3055804,39.9868514;116.3055964,39.9866362;116.3056072,39.9864915
新闻与传播学院（蒙民伟楼）|116.3055807,39.986089;116.30559,39.9859491;116.3056671,39.9859521;116.3056833,39.9857158;116.3056915,39.9855879;116.3056284,39.9855854;116.3056374,39.9854513;116.3059043,39.9854618;116.3058995,39.9855336;116.3059515,39.9855356;116.3059185,39.9860281;116.3058798,39.9860266;116.3058749,39.9861005
资源楼|116.3059156,39.9854544;116.3059211,39.9853293;116.3085263,39.9853978;116.3085245,39.9855662;116.3075938,39.9855396;116.3075878,39.9854842;116.3073432,39.9854746;116.3073406,39.9854449;116.3070226,39.985443;116.3070188,39.9854751;116.3067623,39.9854676;116.3067553,39.9855268;116.3063364,39.9855158;116.3060958,39.9855095;116.306098,39.9854591
五四体育中心|116.3061349,39.9868423;116.3061626,39.9864205;116.3061856,39.9860707;116.3061451,39.9860691;116.3061525,39.9859567;116.306191,39.9859582;116.3062108,39.9856567;116.3064432,39.9856657;116.3063653,39.9868512
45甲楼|116.2993843,39.9883319;116.2993902,39.9880729;116.2994778,39.9880753;116.2994787,39.9880566;116.3002247,39.9880775;116.3002179,39.988219;116.2995566,39.9882005;116.2995559,39.9882143;116.299567,39.9882148;116.2995575,39.988336
45乙楼|116.2993752,39.9885534;116.2993843,39.9883319;116.2995575,39.988336;116.2995535,39.9884339;116.3002505,39.9884506;116.3002442,39.9886065;116.3000143,39.988601;116.3000147,39.988591;116.2998894,39.988588;116.299889,39.9885976;116.2997319,39.9885938;116.2997323,39.9885838;116.2996883,39.9885827;116.2996879,39.988592;116.2994592,39.9885865;116.2994605,39.9885554
45楼|116.2993799,39.9879309;116.2993884,39.9877782;116.299534,39.987783;116.2995379,39.9877125;116.3002927,39.9877374;116.300286,39.9878565;116.2995352,39.9878319;116.2995294,39.9879358
岛厅|116.3034908,39.993452;116.3034488,39.9934158;116.3034515,39.9933705;116.3034957,39.9933404;116.3035563,39.9933416;116.3035983,39.9933742;116.303597,39.9934187;116.303553,39.9934532
北阁|116.3013275,39.9918602;116.3013319,39.9916933;116.3015456,39.9916966;116.3015411,39.9918635
南阁|116.3013387,39.9915287;116.3013415,39.9913622;116.3015608,39.9913644;116.301558,39.9915308
临湖轩|116.3027965,39.9923352;116.3028033,39.9921832;116.3028594,39.9921846;116.3028553,39.9922762;116.3030629,39.9922817;116.3030674,39.9921808;116.3031912,39.9921841;116.3031868,39.9922838;116.3032933,39.9922866;116.3032906,39.9923481
俄文楼|116.3024885,39.99181;116.3025006,39.9914067;116.3027471,39.991411;116.302735,39.9918144
哲学楼|116.3048798,39.9897415;116.3044842,39.9897305;116.3041452,39.989721;116.3041471,39.9896821;116.3040444,39.9896792;116.3039731,39.9896772;116.3039713,39.9897168;116.3036986,39.9897091;116.3037055,39.9895649;116.3039826,39.9895727;116.3039813,39.9895997;116.3040473,39.9896015;116.3041532,39.9896044;116.3041571,39.9895215;116.3048892,39.9895419
一院|116.3011849,39.9910038;116.301194,39.9906739;116.3016408,39.9906813;116.3016387,39.990758;116.3013254,39.9907549;116.3013225,39.9908505;116.3013202,39.9909243;116.301634,39.9909276;116.3016317,39.991011;116.3013177,39.9910059
二院|116.301198,39.9905306;116.3012071,39.990201;116.3016538,39.9902057;116.3016516,39.9902872;116.3013398,39.9902839;116.3013371,39.9903728;116.3013346,39.9904543;116.3016469,39.9904577;116.3016448,39.9905353
三院|116.3012107,39.9900705;116.30122,39.9897342;116.3013567,39.9897364;116.3016665,39.9897414;116.3016645,39.9898174;116.3013543,39.9898142;116.3013519,39.9898915;116.3013492,39.9899802;116.3016599,39.9899835;116.3016574,39.990075
四院|116.302964,39.9900749;116.3025342,39.9900679;116.3025366,39.9899818;116.3028271,39.9899866;116.3028292,39.9899128;116.3028311,39.9898464;116.3025375,39.9898415;116.3025398,39.9897584;116.3029727,39.9897655
五院|116.3025229,39.9905615;116.3025247,39.9904654;116.3028137,39.9904685;116.3028151,39.9903888;116.3028166,39.9903082;116.3025286,39.9903051;116.3025303,39.9902099;116.3029628,39.9902144;116.3029565,39.990566
六院|116.302512,39.9910275;116.302514,39.9909441;116.3027989,39.9909481;116.3028006,39.9908752;116.3028028,39.9907831;116.3025182,39.9907791;116.3025201,39.9906963;116.3029535,39.9907023;116.3029457,39.9910336
文史楼|116.3053429,39.9909673;116.3053551,39.9907907;116.3057181,39.9908054;116.3061312,39.9908222;116.306119,39.9909988;116.3057003,39.9909818
学一食堂|116.3012482,39.9863283;116.3012575,39.9861601;116.3017047,39.9861746;116.3021438,39.9861888;116.3021395,39.9862683;116.3021346,39.9863571
松林餐厅|116.3018799,39.9863958;116.302143,39.9864067;116.3021368,39.986494;116.3021324,39.9865571;116.3018693,39.9865462
餐饮综合楼（家园食堂）|116.3013023,39.9873798;116.301332,39.9866439;116.3017117,39.986653;116.3021088,39.9866624;116.3021876,39.9866643;116.3021744,39.9869881;116.302166,39.9871949;116.3021577,39.9874001;116.3013641,39.9873827
43楼|116.3004615,39.9863273;116.3004724,39.9860659;116.3010426,39.9860799;116.3010316,39.9863413
理科教学楼（黄廷方楼）|116.3066893,39.990571;116.3066999,39.9903887;116.3067235,39.9903895;116.306726,39.9903471;116.3067278,39.9903163;116.3067053,39.9903155;116.3067328,39.9899306;116.3069829,39.9899405;116.3073902,39.9899569;116.307389,39.989976;116.3075271,39.9899807;116.3075063,39.9903394;116.3074831,39.9903386;116.3074808,39.9903787;116.3074785,39.9904182;116.3074995,39.9904189;116.307489,39.9905984
英杰交流中心|116.307522,39.9892682;116.3077395,39.9892774;116.3080421,39.9892903;116.3080366,39.9893659;116.3080997,39.9893686;116.3080829,39.9896232;116.3077534,39.9896074;116.3075036,39.9895968;116.3075191,39.9893817;116.3074643,39.9893794;116.3074676,39.9893341;116.307517,39.9893362
地学楼|116.3053681,39.9905018;116.3053798,39.9903394;116.3057428,39.9903547;116.306116,39.9903705;116.3061043,39.9905329;116.3057381,39.9905174
老化学楼|116.3052225,39.9901449;116.3052413,39.9898243;116.3063035,39.989851;116.306282,39.9901778;116.3060916,39.9901737;116.3060969,39.9900586;116.3057676,39.9900473;116.3054398,39.990036;116.3054318,39.9901531
电化教学楼（智华楼）|116.3054094,39.9888567;116.3054157,39.9887562;116.3055325,39.9887605;116.305537,39.9886897;116.305522,39.9886891;116.3055397,39.9884329;116.3055544,39.9884335;116.3055606,39.9883471;116.3054396,39.988342;116.3054476,39.9882312;116.3056138,39.9882383;116.3056149,39.988223;116.3061801,39.9882472;116.3061785,39.988269;116.3063447,39.988276;116.3063365,39.9883907;116.3061612,39.9883834;116.30616,39.9884007;116.3060487,39.9883962;116.3060499,39.9883789;116.3056528,39.9883638;116.3056497,39.9884135;116.3056726,39.9884143;116.3056698,39.988462;116.3058827,39.9884693;116.3058834,39.9884559;116.3061823,39.9884651;116.3061684,39.9887314;116.3059466,39.9887246;116.3059474,39.988708;116.3058651,39.9887056;116.305866,39.9886885;116.3056231,39.9886812;116.3056196,39.9887489;116.3061031,39.9887635;116.3061017,39.9887899;116.3062686,39.9887952;116.3062638,39.9888836;116.3060859,39.988878;116.3060847,39.9889001;116.3055841,39.9888831;116.3055853,39.9888631
老生物楼|116.3051429,39.9910961;116.3053593,39.9911026;116.3053523,39.9912413;116.305685,39.9912512;116.3059866,39.9912602;116.3059933,39.9911275;116.3062293,39.9911345;116.3062137,39.9914401;116.305127,39.9914075
体斋|116.303109,39.9943996;116.3031251,39.9942558;116.3033074,39.9942681;116.3032914,39.9944078
勺园食堂|116.2995567,39.9906202;116.2992555,39.9906098;116.2992815,39.9901677;116.2995856,39.9901783;116.2995814,39.9902491;116.2996154,39.9902503;116.2996428,39.9902513;116.299625,39.9905549;116.2995913,39.9905537;116.2995607,39.9905527
佟园餐厅（清真）|116.3005306,39.9898047;116.3005361,39.9897028;116.3009188,39.9897028;116.3009188,39.989809
勺园1号楼|116.2996505,39.9901269;116.2996561,39.9900143;116.3002411,39.9900312;116.3002355,39.9901439;116.2998604,39.990133;116.2997285,39.9901292
勺园3号楼|116.299618,39.9907985;116.2996266,39.9906897;116.2996934,39.9906928;116.2998244,39.9906988;116.3001926,39.9907159;116.3001841,39.9908247
勺园2号楼|116.2996934,39.9906928;116.2996962,39.9906482;116.299679,39.9906475;116.2997085,39.9901755;116.2997255,39.9901761;116.2997285,39.9901292;116.2998604,39.990133;116.2998575,39.9901784;116.2998833,39.9901793;116.2998735,39.9903368;116.2998894,39.9903374;116.2998796,39.9904962;116.2998626,39.9904956;116.2998529,39.9906525;116.2998274,39.9906516;116.2998244,39.9906988
新太阳学生中心（16楼-18楼）|116.3044659,39.9879193;116.3044703,39.9878586;116.3044127,39.9878561;116.3044515,39.9873261;116.3045163,39.9873289;116.3045725,39.9873313;116.3045757,39.9872883;116.3049588,39.9873048;116.3051693,39.9873138;116.3051599,39.9874416;116.3050563,39.9874371;116.3049327,39.9874318;116.3049205,39.9875975;116.304918,39.9876322;116.3049111,39.9877263;116.3049052,39.9878062;116.305134,39.9878161;116.3051243,39.9879478;116.3045166,39.9879215
燕南食堂|116.3039329,39.9893167;116.303949,39.9891153;116.3043085,39.9891214;116.3042987,39.9892686;116.304295,39.9893249;116.3040563,39.9893195
伟利楼|116.3042138,39.992307;116.3042249,39.9921779;116.3045275,39.9921931;116.3045164,39.9923223
健斋|116.3031314,39.9945307;116.3031415,39.9944538;116.303631,39.9944913;116.3036209,39.9945682
阿卜杜勒·阿齐兹国王公共图书馆北京大学分馆（古籍图书馆）|116.3030391,39.9916258;116.3030505,39.9914033;116.3033687,39.9914128;116.3037203,39.9914234;116.3037089,39.9916459
生物标本馆|116.3052184,39.991701;116.3052325,39.9914732;116.3053845,39.9914787;116.3053786,39.9915734;116.306009,39.9915963;116.3060008,39.9917294
方楼|116.3062558,39.9923622;116.3062591,39.9922311;116.3063963,39.9922331;116.306393,39.9923643
保护生物学楼|116.2996416,39.995827;116.2996389,39.9956949;116.3000702,39.9956898;116.3000729,39.9958219
保护生物学新楼|116.2997626,39.9956683;116.2997618,39.9955414;116.2996722,39.9955417;116.2996715,39.9954223;116.3000082,39.9954212;116.3000093,39.9956104;116.2999602,39.9956106;116.2999606,39.9956676
生物技术楼|116.2994862,39.9953183;116.2994893,39.9951389;116.3000315,39.9951365;116.3000346,39.9953277;116.2997719,39.9953232
燕园大厦|116.3085594,39.9864157;116.3086975,39.98642;116.3093748,39.9864413;116.3093677,39.9865753;116.3093604,39.9867114;116.308545,39.9866858
经济学院（孝义金晖楼）|116.3065866,39.9960253;116.3066069,39.9959027;116.3067094,39.9959139;116.3067203,39.995851;116.3066209,39.9958406;116.3066411,39.9957267;116.3067427,39.9957373;116.3067537,39.9956769;116.3066466,39.9956666;116.3066661,39.9955453;116.3067729,39.9955547;116.3067982,39.995427;116.3067556,39.9954185;116.3067077,39.9953939;116.3066777,39.9953527;116.3066688,39.9953043;116.3066828,39.9952635;116.3067213,39.9952261;116.3067782,39.9952014;116.3068354,39.9952004;116.3068484,39.9951077;116.3071094,39.9951379;116.3069643,39.9954372;116.3069389,39.9955815;116.3069273,39.9955803;116.3068473,39.9960488
综合科研2号楼|116.3004834,39.9882528;116.3010486,39.9882697;116.3010649,39.9879493;116.3010944,39.9879502;116.3010981,39.9878775;116.3013583,39.9878853;116.3013555,39.9879402;116.30137,39.9879406;116.3013538,39.9882598;116.3013092,39.9882585;116.3013072,39.9882969;116.3013502,39.9882982;116.3013404,39.9884902;116.3004726,39.9884642
核磁中心|116.3014618,39.9886429;116.3014682,39.9885468;116.3015512,39.98855;116.3015635,39.988364;116.3014809,39.9883608;116.3014863,39.9882793;116.3017355,39.988289;116.3017113,39.9886526
51号楼|116.3025174,39.9891131;116.3025208,39.9889263;116.3027475,39.9889287;116.3027441,39.9891155
52号楼|116.3028853,39.9890827;116.3028855,39.9890271;116.3029353,39.9890273;116.3029357,39.9889162;116.3031177,39.9889167;116.3031173,39.989027;116.3030241,39.9890268;116.3030239,39.989083
60号楼|116.302991,39.9885452;116.3029911,39.9884356;116.3031293,39.9884357;116.3031292,39.9885453
59号楼|116.3029751,39.9882511;116.3029754,39.9882041;116.3030654,39.9882045;116.3030658,39.9881575;116.3029755,39.9881571;116.3029767,39.9880123;116.3030497,39.9880126;116.3030491,39.9880922;116.3031599,39.9880928;116.3031592,39.9881707;116.3031105,39.9881705;116.3031102,39.9881989;116.303166,39.9881992;116.3031655,39.988252
53号楼|116.3034915,39.9890681;116.3034887,39.9889884;116.3036383,39.9889852;116.3036412,39.9890654;116.3036852,39.9890644;116.303687,39.9891156;116.3035924,39.9891176;116.3035905,39.989066
54号楼|116.3033233,39.9888472;116.3033257,39.9887057;116.303384,39.9887063;116.3033858,39.9886029;116.3035504,39.9886045;116.3035492,39.9886728;116.3036155,39.9886735;116.3036136,39.9887857;116.3034016,39.9887836;116.3034005,39.9888479
56号楼|116.3033256,39.9884288;116.3033262,39.9882427;116.3034152,39.9882429;116.3034149,39.9883123;116.3034769,39.9883124;116.3035029,39.9883125;116.303503,39.9882843;116.303561,39.9882845;116.3035605,39.9884293
62号楼|116.3025203,39.9881482;116.302522,39.9879554;116.3026645,39.9879562;116.3026627,39.988149
61号楼|116.3021115,39.9881949;116.3021113,39.9879585;116.3023096,39.9879584;116.3023096,39.9880313;116.3022081,39.9880313;116.3022081,39.9881056;116.3022929,39.9881056;116.3022929,39.9881948
50号楼|116.3018041,39.9889447;116.3018974,39.9889456;116.3018982,39.9888895;116.301988,39.9888903;116.3019858,39.9890375;116.3017265,39.9890351;116.301727,39.9890002;116.3016901,39.9889998;116.3016918,39.9888928;116.3018049,39.9888938
朗润园12号楼|116.3053603,39.9981231;116.3053887,39.998013;116.3057995,39.9980752;116.3057711,39.9981853
朗润园11号楼|116.3054019,39.9977759;116.305423,39.9976648;116.3058374,39.9977109;116.3058164,39.997822
朗润园10号楼|116.3054566,39.9974783;116.3054777,39.9973672;116.3058921,39.9974133;116.305871,39.9975244
朗润园9号楼|116.3055142,39.9971609;116.3055352,39.9970498;116.3059496,39.9970958;116.3059286,39.997207
朗润园8号楼|116.305566,39.9968544;116.305587,39.9967433;116.3060014,39.9967894;116.3059804,39.9969005
朗润园13号楼|116.3034069,39.9976765;116.3034353,39.9975664;116.3038462,39.9976285;116.3038178,39.9977387
科维理天文与天体物理研究所|116.3042219,39.9979059;116.3042759,39.9977512;116.3048391,39.9978666;116.3048263,39.997903;116.3049438,39.997927;116.304955,39.997895;116.3051832,39.9979417;116.3051307,39.998092
哲学系（宗教学系）|116.3059755,39.9953383;116.3059936,39.9952523;116.3060197,39.9950798;116.3062671,39.9951046;116.3062229,39.9953631
中国语言文学系|116.3058053,39.9962719;116.3058188,39.9961794;116.3058427,39.9960152;116.3060791,39.9960354;116.3060417,39.9962921
历史学系|116.3050513,39.9963688;116.3050746,39.9962441;116.3049929,39.9962351;116.3050439,39.9959618;116.3049929,39.9959563;116.3050163,39.9958309;116.3053909,39.9958719;116.305368,39.9959944;116.3052849,39.9959853;116.3052529,39.9961571;116.3052373,39.9962405;116.3052035,39.9962368;116.3051993,39.9962591;116.3053692,39.9962778;116.3053461,39.9964011
李兆基人文学苑|116.3052087,39.9957849;116.3052259,39.9956953;116.3054479,39.9957204;116.3054555,39.9956807;116.3056778,39.9957059;116.3056699,39.9957466;116.3057731,39.9957583;116.3057611,39.9958206;116.3056724,39.9958105;116.3056685,39.9958306;116.305421,39.9958026;116.3054233,39.9957905;116.3053527,39.9957825;116.3053492,39.9958008
李兆基人文学苑|116.3051612,39.9956578;116.3051828,39.9955397;116.3052645,39.9955485;116.305278,39.9954746;116.3054731,39.9954955;116.3054818,39.9954475;116.3057064,39.9954716;116.3056979,39.995518;116.3058207,39.9955311;116.3057883,39.9957088;116.305669,39.995696;116.3056851,39.9956076;116.3054653,39.9955841;116.305448,39.9956785;116.3053305,39.995666;116.3053488,39.9955658;116.3052861,39.9955591;116.305266,39.995669
李兆基人文学苑|116.3053737,39.9954611;116.3053902,39.9953683;116.3054378,39.9953733;116.3054503,39.9953031;116.3055316,39.9953116;116.3055347,39.9952945;116.3055896,39.9953002;116.3057021,39.995312;116.3056987,39.9953311;116.3057806,39.9953396;116.305769,39.9954051;116.3056934,39.9953972;116.30569,39.9954161;116.3055265,39.995399;116.3055298,39.9953806;116.3054527,39.9953725;116.3054357,39.9954676
46楼|116.2994188,39.9875602;116.299427,39.9874075;116.2995723,39.9874121;116.2995761,39.9873415;116.3002907,39.987364;116.3002844,39.987483;116.2995732,39.9874607;116.2995676,39.9875648
47楼|116.2995173,39.9871272;116.2995285,39.9869739;116.2996757,39.9869801;116.2996808,39.9869107;116.3003147,39.9869377;116.300306,39.987058;116.2996796,39.9870313;116.2996722,39.9871338
48楼|116.2995528,39.9867592;116.2995624,39.9866055;116.2997086,39.9866109;116.299713,39.9865408;116.3003327,39.9865636;116.3003251,39.9866841;116.2997119,39.9866614;116.2997054,39.9867648
中水站|116.2985777,39.9951708;116.2985744,39.9950577;116.2986403,39.9950565;116.2986397,39.9950372;116.2986985,39.9950362;116.298703,39.9951869;116.2986393,39.995188;116.2986388,39.9951698;116.2986103,39.9951703
考古文博学院|116.3001842,39.9954642;116.3001839,39.9952943;116.3002915,39.9952942;116.3003681,39.9952941;116.3005546,39.9952939;116.3005549,39.9954719;116.3004855,39.995472;116.300486,39.995727;116.3002573,39.9957272;116.3002569,39.9954641
实验动物中心B座|116.3006111,39.9959295;116.3006661,39.9959704;116.3006679,39.9960744;116.3004656,39.9960827;116.3002009,39.9960901;116.3001956,39.995979;116.3004277,39.995969;116.3004289,39.9959533;116.3004633,39.9959295;116.3005131,39.9959137;116.300563,39.9959124
外国语学院|116.3063211,39.9969238;116.30643,39.99624;116.3068072,39.9962753;116.3066972,39.996966;116.3066423,39.9969609;116.3066352,39.9970054;116.3064065,39.996984;116.3064147,39.9969326
校景亭|116.3004813,39.9950191;116.3004785,39.9949351;116.3005784,39.9949331;116.3005812,39.9950172
实验动物中心A座|116.2994212,39.9958933;116.299796,39.9958812;116.2997956,39.9959442;116.3001416,39.9959453;116.3001412,39.9960218;116.2995767,39.9960247;116.2994263,39.9960029
李兆基人文学苑|116.3053107,39.9950495;116.3054674,39.9950632;116.3054555,39.9951432;116.3054394,39.9952509;116.3052826,39.9952372
北大-港理工中国社会工作研究中心（恩善苑）|116.3012778,39.996122;116.3016768,39.996157;116.3016322,39.9964552;116.3014959,39.9964432;116.3015072,39.9963677;116.3014242,39.9963604;116.3014336,39.9962975;116.3015361,39.9963065;116.3015444,39.9962513;116.3012622,39.9962266
章桂堂|116.3045555,39.9923881;116.3045665,39.9922041;116.3047262,39.9922098;116.3047152,39.9923938
亨利楼|116.30492,39.9922897;116.3049223,39.9922254;116.3051286,39.9922292;116.3051263,39.9922935